two
1665
1619
1333
1901
1145
still
1110
1250
nor
wherein
1668
173
latter
please
286
1032
keep
1348
1166
1603
914
745
110
1597
429
223
896
520
1116
540
1336
1421
307
1151
945
1515
1088
then
1389
266
1804
1909
1690
470
115
133
1351
748
746
1691
390
726
becoming
771
231
152
anyway
907
247
233
400
1879
1219
48
375
66
them
925
318
1812
105
5
yours
1960
681
559
1234
186
1124
1005
1046
myself
245
387
1387
1524
1657
under
1408
759
1107
897
413
920
three
1587
1449
394
944
33
607
1303
1307
203
1990
1102
49
324
1083
671
1367
229
175
1612
1143
1770
1992
1244
1206
22
361
1814
1401
1864
725
412
1052
1784
392
167
452
699
842
603
2007
very
583
1551
74
1441
1736
1747
nothing
1463
497
1785
10
1100
1857
1671
417
91
1091
1119
1297
1446
1539
757
41
1997
1191
1137
1285
1966
179
1831
1768
1808
317
1343
1924
1583
853
1553
1722
at
285
1811
949
see
1710
572
97
since
thereby
1705
except
59
1180
1578
1444
221
over
772
909
1266
1101
1867
232
he
487
274
789
781
441
975
most
799
817
below
536
1020
1604
172
1903
1546
1129
1724
570
1420
98
1699
cannot
252
1923
the
1487
how
1740
922
256
1167
1377
hers
709
1430
1789
1754
1985
72
355
1037
380
9
35
507
209
1315
560
1563
1716
1450
aren
nowhere
902
upon
689
1466
1360
850
15
1293
834
1135
beforehand
38
twenty
910
1780
besides
620
442
1156
733
1709
873
toward
341
1152
668
1169
1231
628
37
1241
622
1530
interest
1175
1531
92
1363
not
515
7
1799
1703
message
876
find
840
533
805
1352
fifteen
974
17
950
1168
1797
ourselves
303
1355
306
1835
anyone
1392
1076
981
78
1193
1028
1725
728
801
808
1581
1860
1453
284
647
293
1689
215
1448
207
331
1682
1807
whole
1418
257
984
registered
685
everything
fire
1122
whose
1198
1999
done
whereupon
825
1261
1464
988
404
neither
1117
1527
230
take
1361
1157
1613
1079
1323
re
1783
1846
561
421
1342
always
111
980
282
1917
between
1335
1379
650
1492
v
79
as
1200
1308
57
1592
893
1060
formerly
1809
712
1541
1503
609
459
1659
1701
1521
1495
isn
a
1190
879
1174
758
485
1672
237
1767
430
955
1871
1862
216
1882
1742
764
1830
other
1227
have
831
471
1281
sincere
1649
1877
1356
by
608
1433
473
1223
1540
236
1185
673
2014
wasn
1171
1144
272
512
1970
1196
107
16
1268
1837
948
year
475
556
1786
47
163
479
1534
1886
1915
us
1543
1993
1378
192
during
1552
1978
1403
732
1925
1779
851
1805
46
1011
578
308
330
885
she
1458
somehow
they
could
1555
2006
717
which
989
or
69
89
937
1626
391
1344
1647
633
579
947
287
1207
254
several
1081
onto
495
1720
1462
1695
herein
1092
these
1620
310
969
499
1586
1621
557
1673
1128
1838
1310
381
627
816
images
858
271
even
986
1203
147
1211
1965
558
933
211
517
1476
1512
hundred
1040
1989
259
1274
empty
1623
823
1004
itself
1976
few
1950
co
694
600
1560
1630
228
should
1036
2010
954
1757
been
we
860
171
1601
643
762
351
1528
1153
everyone
1134
178
852
854
and
1685
give
1582
1632
seem
51
1794
1874
234
1969
1034
1270
least
1282
1224
654
113
1222
830
1883
396
1998
438
624
1905
1571
776
1823
1049
456
1833
amount
763
describe
423
611
herself
359
563
1914
latterly
namely
1502
246
437
1893
1319
mine
309
1868
than
538
693
161
1054
1213
428
99
elsewhere
796
would
659
themselves
1226
348
now
1898
ve
1439
of
1884
338
1688
753
1865
ltd
440
721
550
1228
1655
935
916
511
1625
642
1404
more
168
1637
call
848
519
ours
465
whoever
463
1009
1350
1639
found
ie
will
1698
across
rather
692
1773
656
1963
734
999
736
without
1861
142
219
225
316
795
1362
869
o
184
589
1373
1755
1590
towards
1312
1598
820
815
710
1509
1432
788
hereafter
129
521
697
1516
405
601
777
349
couldnt
218
1425
1600
329
1283
1327
342
537
641
theirs
1585
73
856
1459
therefore
couldn
472
1007
hereby
653
almost
418
140
968
1498
513
1280
off
120
1570
in
996
1104
784
1000
1595
something
1984
239
526
174
586
1891
814
1939
248
260
419
785
•
543
1792
1262
756
1927
1025
1908
144
722
1324
1142
may
292
1774
along
enough
549
1162
610
531
1933
1096
1022
1776
386
1106
965
inc
453
634
1146
198
being
1292
19
ever
993
590
1743
1753
770
never
134
1906
so
339
m
1616
1431
743
401
1216
1165
1243
966
20
1746
just
1160
1863
1318
1596
11
535
1382
1368
1771
1014
204
get
212
1341
image
1353
137
403
354
1094
462
2008
afterwards
1210
504
1298
300
822
1731
544
if
890
280
967
2004
can
1573
14
698
889
1941
1652
395
416
1670
having
somewhere
279
1249
149
2002
749
last
un
next
464
886
1050
1388
482
469
8
1426
ain
847
1561
also
1513
1047
597
213
1606
379
1058
45
such
661
1184
against
mustn
104
1371
21
122
1246
128
990
1810
some
1704
1851
1956
beside
963
1518
786
1739
among
774
1841
1899
1405
1787
1457
833
whenever
1070
1424
976
although
every
445
857
1109
518
435
934
575
96
1239
1971
1815
509
needn
1843
1505
486
1108
behind
682
1853
376
738
1321
327
530
to
919
65
1644
542
1358
729
1120
787
1364
424
383
637
no
1236
am
1357
1572
491
1726
my
else
1277
who
1662
377
1615
1745
432
1988
124
1354
663
973
1980
295
1791
tweets
63
592
1749
882
23
618
602
1192
1410
doesn
1247
1489
977
1395
739
754
1186
1454
1099
1065
cant
393
191
946
here
684
190
full
546
1195
mill
829
1294
109
noone
1084
735
1150
mightn
though
links
must
1856
1269
18
1961
therein
1542
1086
410
665
939
130
1800
918
686
273
1575
1954
1013
2001
1972
269
194
367
1288
1029
link
366
688
1115
1386
368
496
1394
de
1490
1525
621
892
her
1056
1798
1550
1983
1370
1436
778
402
1850
1678
1018
1995
713
617
1260
1614
313
1727
1215
593
899
both
667
716
760
1331
1272
1197
169
where
1855
1105
299
1438
87
490
906
haven
931
913
4
1290
12
132
1177
1470
837
1734
1828
547
1641
1687
1402
82
863
page
1750
1472
1766
591
1680
1694
1955
898
1844
705
261
571
1428
1756
409
751
1839
1938
241
1010
67
...
631
1928
1071
1087
255
1417
say
895
again
1346
hence
676
90
399
926
695
707
1847
680
154
249
1221
116
998
much
1238
1782
1311
five
1337
those
567
588
1460
1437
333
1979
1003
345
1349
197
319
761
1529
1440
1189
193
523
60
270
94
1163
1536
became
1943
1975
1409
1419
103
118
thereafter
name
hadn
488
1306
1522
1913
1103
61
1075
1676
that
detail
1138
838
813
34
1729
782
613
320
666
1842
864
357
1038
315
put
529
1761
76
664
25
370
1822
won
86
604
1628
362
775
1648
whereafter
406
626
2009
964
904
648
322
1384
426
seemed
1006
434
1332
1813
1885
anywhere
via
1556
905
1663
415
did
127
1465
1507
1313
1870
564
1132
510
912
1334
but
422
683
sometime
1537
1063
someone
461
1118
881
524
top
337
553
1329
1396
1257
1201
957
hereupon
40
1499
1634
283
1519
me
982
1653
1723
773
perhaps
1593
311
971
1517
1608
158
own
1339
875
727
651
1073
1579
908
1658
44
1121
1271
1920
meanwhile
388
865
718
1790
706
704
545
296
1730
1416
325
874
1442
1399
1074
1635
1732
1422
sometimes
1044
1617
from
1967
front
326
1090
930
139
1147
1872
962
598
1301
whither
730
whether
52
911
1429
1836
569
eleven
1594
1952
1455
384
ma
1825
156
565
505
alone
336
might
1245
888
605
1802
742
500
1494
1284
1772
hasnt
1042
1500
1803
1962
343
1852
above
582
thence
677
1945
956
824
951
1781
anything
1225
due
1256
1496
155
1708
1764
1085
275
835
1019
477
554
1240
201
527
1762
1982
1252
mostly
64
363
244
1692
347
1220
31
868
1255
1718
1660
1187
1375
1911
581
1486
shouldn
1700
883
80
767
1217
2016
227
75
189
358
263
809
1072
924
972
1912
157
297
866
372
within
1712
only
1041
478
1390
810
well
i
407
1949
whom
941
979
1112
1942
1881
wouldn
1996
596
1126
about
166
552
1194
1611
183
106
148
108
444
1164
1066
26
599
923
1021
1369
1728
has
up
164
1888
208
81
1067
while
1793
it
1414
1631
1866
1061
335
242
264
887
251
321
1859
870
636
708
612
eight
927
277
332
1411
928
312
1427
577
otherwise
1237
1242
1475
420
821
1397
1674
1300
1738
1127
112
1
1645
their
many
twelve
doing
1161
show
1278
1258
744
141
844
6
378
1763
his
832
917
1706
1254
1209
958
1921
1133
136
1123
1607
62
769
1986
1478
353
1892
1735
down
1577
why
whence
himself
1535
1557
356
ten
196
846
1480
185
214
y
1267
340
1413
298
becomes
thin
says
1205
1062
1946
365
68
1554
be
70
1696
711
1683
1880
238
1176
13
1383
1039
448
551
615
872
1940
138
961
share
655
425
1627
1576
1001
632
867
1479
t
1902
71
1869
250
1059
1095
587
623
645
1016
cry
845
when
1953
1654
449
anyhow
1829
200
532
0
1820
for
807
1610
four
747
1538
him
1934
382
whatever
474
1737
1609
1314
1849
1677
84
289
1286
451
1564
email
1170
625
894
this
1547
1451
672
1889
until
731
1412
1064
around
1434
1642
2013
278
360
1068
323
1230
1821
702
six
146
1385
1366
view
1053
1154
1347
1338
1452
1114
yet
350
1818
467
1858
206
741
265
903
1182
614
1629
1229
2
314
55
170
439
240
723
202
484
932
929
1854
there
1253
1406
662
was
1179
1796
768
700
573
1012
1212
through
675
1155
1398
1289
1656
1030
1082
1769
305
amoungst
1481
1520
489
1544
1208
1264
1926
forty
1760
1233
first
1900
177
346
373
187
1806
101
indeed
1910
thru
1618
do
1139
1777
95
791
1296
before
1602
1125
344
750
1562
1640
457
1845
1501
per
1023
like
455
shan
1679
3
1159
said
nobody
594
1097
nevertheless
1468
1376
1483
1045
220
1717
1473
are
1304
1887
1493
once
1202
1322
any
24
too
1026
301
446
1380
1506
660
1548
690
1636
1078
1981
262
921
1580
878
938
514
2011
985
466
1661
1669
411
839
1027
1113
1752
bill
1533
s
1218
back
1827
978
1832
1232
1964
268
224
585
987
1741
131
1471
153
121
371
however
1840
1651
678
1545
1199
143
1435
1508
498
657
didn
1181
674
460
616
291
1944
150
123
1172
1719
1276
thus
because
1675
566
1929
619
1491
714
1711
1714
after
492
639
1977
900
243
414
826
701
1291
your
1733
1372
162
our
398
1987
1624
502
each
1279
1149
42
480
125
737
1589
1325
304
1055
506
1093
1158
1834
369
others
943
together
389
had
an
36
1567
696
806
1532
991
294
1415
1932
what
792
1148
790
seeming
1456
1340
635
fill
1697
1721
2003
1565
1111
765
1897
is
493
1393
670
often
1485
145
235
1559
1968
1326
494
1497
1330
276
nine
1484
877
1008
180
1069
56
953
1374
1919
all
1482
on
seems
1287
994
1702
yourself
1958
119
1904
30
630
740
638
288
940
its
915
1947
become
1795
1131
1263
53
1305
beyond
960
1381
176
454
855
58
1407
twitter
936
1775
1235
210
1558
1316
1031
another
88
1051
1443
either
1922
43
1140
182
1930
1248
1918
fify
1713
841
606
1873
1715
901
970
32
1302
658
everywhere
715
539
719
827
1686
.
433
649
574
1894
thereupon
849
whereby
1136
352
1599
50
819
501
1204
1214
1684
476
861
1015
199
1638
562
1937
724
sixty
828
1057
1584
1876
1751
1504
93
803
102
39
1002
862
1259
1328
1474
1588
1974
further
1816
334
1265
1477
1251
1748
891
1080
195
385
1650
1569
800
222
1295
427
out
812
959
1523
1141
253
1951
1526
431
etc
541
wherever
1819
ll
less
1824
126
d
2012
1320
1622
28
555
1275
1445
646
450
29
one
258
eg
1514
same
1467
880
1666
1765
576
83
952
1488
443
1309
comment
281
1130
1896
1077
whereas
584
793
1188
884
1994
throughout
1605
1817
part
1098
1365
2005
1423
bottom
1273
credit
159
1878
525
1681
1317
374
843
1183
780
548
679
720
1178
1033
580
859
669
804
1048
165
1461
serious
1089
528
516
703
1959
1024
783
1017
were
1788
779
1778
1043
997
534
1173
160
188
811
b
871
1345
1646
1759
290
don
with
1667
1591
moreover
side
1948
1744
you
151
made
818
1693
328
1875
794
181
797
third
217
644
1890
54
458
468
226
1359
1447
1801
1299
27
go
1574
1936
1633
1568
364
none
system
114
1510
1391
595
move
117
436
983
447
does
836
1758
652
1826
1973
1664
2000
640
1848
1931
302
798
con
508
408
397
992
942
1935
687
1549
1916
1707
1907
already
1957
1469
691
1400
1566
483
77
766
85
481
1895
503
1035
205
267
1991
755
former
1511
into
yourselves
568
802
752
995
629
522
135
100
amongst
hasn
1643
weren
thickv
